[gd_scene load_steps=7 format=3 uid="uid://csbv8f2ccs7cf"]

[ext_resource type="MeshLibrary" uid="uid://dq2ct832sw7ga" path="res://Assets/Meshes/Libs/overworld3.tres" id="1_1fdfx"]
[ext_resource type="Script" path="res://Dojo.cs" id="1_4rk1k"]
[ext_resource type="Texture2D" uid="uid://cxr57fm2jvpo0" path="res://Assets/Textures/pexels-pixabay-73873.jpg" id="3_48nkj"]

[sub_resource type="PanoramaSkyMaterial" id="PanoramaSkyMaterial_svuu3"]
panorama = ExtResource("3_48nkj")

[sub_resource type="Sky" id="Sky_xccwm"]
sky_material = SubResource("PanoramaSkyMaterial_svuu3")

[sub_resource type="Environment" id="Environment_ryiu4"]
background_mode = 2
sky = SubResource("Sky_xccwm")

[node name="Arena" type="Node3D"]
script = ExtResource("1_4rk1k")

[node name="WorldEnvironment" type="WorldEnvironment" parent="."]
environment = SubResource("Environment_ryiu4")

[node name="Skymove" type="Marker3D" parent="."]
transform = Transform3D(0.254281, 0, -0.96713, 0, 1, 0, 0.96713, 0, 0.254281, 0, -3, 0)

[node name="GridMap" type="GridMap" parent="Skymove" groups=["StoredGroup"]]
transform = Transform3D(-0.51731, 0, 0.855798, 0, 1, 0, -0.855798, 0, -0.51731, 0, 0, 0)
mesh_library = ExtResource("1_1fdfx")
data = {
"cells": PackedInt32Array(65533, 3, 1, 65533, 1, 1, 65533, 2, 1, 65533, 0, 1, 65533, 65535, 1, 65533, 65534, 1, 65533, 65533, 1, 65533, 65532, 1, 65534, 65532, 1, 65534, 65531, 0, 65535, 65531, 0, 0, 65531, 0, 1, 65531, 0, 2, 65531, 0, 3, 65531, 0, 65535, 65535, 1, 65535, 0, 1, 0, 65535, 1, 0, 0, 1, 65534, 65534, 1, 65534, 65535, 1, 65534, 0, 1, 65534, 1, 1, 65535, 1, 1, 0, 1, 1, 65535, 65534, 1, 0, 65534, 1, 1, 65534, 1, 1, 65535, 1, 1, 0, 1, 1, 1, 1, 65534, 2, 1, 65535, 2, 1, 0, 2, 1, 1, 2, 1, 2, 2, 1, 2, 1, 1, 2, 0, 1, 2, 65535, 1, 2, 65534, 1, 2, 65533, 1, 1, 65533, 1, 0, 65533, 1, 65535, 65533, 1, 65534, 65533, 1, 3, 3, 1, 3, 2, 1, 3, 1, 1, 3, 0, 1, 3, 65535, 1, 3, 65534, 1, 3, 65533, 1, 3, 65532, 1, 2, 65532, 1, 1, 65532, 1, 0, 65532, 1, 65535, 65532, 1, 65532, 65532, 1, 65532, 65533, 1, 65532, 65534, 1, 65532, 65535, 1, 65532, 0, 1, 65531, 1, 0, 65532, 1, 1, 65531, 2, 0, 65532, 2, 1, 65532, 3, 1, 65534, 3, 1, 65535, 3, 1, 0, 3, 1, 1, 3, 1, 2, 3, 1, 65531, 65532, 0, 65531, 65533, 0, 65531, 65534, 0, 65531, 65535, 0, 65531, 0, 0, 65531, 3, 0, 65532, 65531, 0, 65533, 65531, 0, 4, 65531, 2, 4, 65532, 0, 4, 65533, 0, 4, 65534, 0, 4, 65535, 0, 4, 0, 0, 4, 1, 0, 4, 2, 0, 4, 3, 0, 65532, 4, 0, 65533, 4, 0, 65534, 4, 0, 65535, 4, 0, 0, 4, 0, 1, 4, 0, 2, 4, 0, 3, 4, 0, 65531, 4, 2, 4, 4, 2, 65531, 65531, 2, 65535, 5, 0, 0, 5, 0, 65535, 65530, 0, 0, 65530, 0, 65534, 6, 0, 1, 6, 0, 1, 8, 0, 65534, 8, 0, 65535, 9, 0, 0, 9, 0, 2, 7, 0, 65533, 7, 0, 65535, 6, 1, 65535, 7, 3, 65535, 8, 1, 0, 8, 1, 0, 7, 1, 0, 6, 1, 1, 7, 1, 65534, 7, 1, 1, 65529, 0, 2, 65528, 0, 1, 65527, 0, 0, 65526, 0, 65535, 65526, 0, 65534, 65527, 0, 65533, 65528, 0, 65534, 65529, 0, 0, 65529, 1, 0, 65528, 1, 0, 65527, 1, 65535, 65529, 1, 65535, 65528, 3, 65535, 65527, 1, 65534, 65528, 1, 1, 65528, 1)
}

[node name="SpawnPlayer" type="Marker3D" parent="Skymove" groups=["StoredGroup"]]
transform = Transform3D(-0.51731, 0, 0.855798, 0, 1, 0, -0.855798, 0, -0.51731, 12.6555, 8.67892, -8.35875)

[node name="SpawnEnemy" type="Marker3D" parent="Skymove" groups=["StoredGroup"]]
transform = Transform3D(-0.51731, 0, 0.855798, 0, 1, 0, -0.855798, 0, -0.51731, -13.3633, 4.42009, 6.95879)

[node name="DirectionalLight3D" type="DirectionalLight3D" parent="Skymove" groups=["StoredGroup"]]
transform = Transform3D(-0.51731, 0, 0.855798, 0, 1, 0, -0.855798, 0, -0.51731, 0, 19.5932, 0)
