[gd_scene load_steps=13 format=3 uid="uid://7lgd033g0ab"]

[ext_resource type="Script" path="res://PlayerGeneric.cs" id="1_8qe6d"]
[ext_resource type="PackedScene" uid="uid://gvkw8kadhsux" path="res://hud_player.tscn" id="2_c30hd"]
[ext_resource type="PackedScene" uid="uid://dpf1uemx8po85" path="res://Weapons/WeaponChakram.tscn" id="2_xxkxc"]
[ext_resource type="AnimationLibrary" uid="uid://yn7mifk1n4gb" path="res://Assets/Animations/A_Slime.res" id="6_c4mf8"]

[sub_resource type="SphereShape3D" id="SphereShape3D_p8sg2"]
radius = 0.52

[sub_resource type="BoxMesh" id="BoxMesh_caedx"]

[sub_resource type="StandardMaterial3D" id="StandardMaterial3D_qelcy"]
albedo_color = Color(0.360784, 0.317647, 0.52549, 1)

[sub_resource type="StandardMaterial3D" id="StandardMaterial3D_io4ja"]
albedo_color = Color(1, 1, 0.356863, 1)

[sub_resource type="BoxMesh" id="BoxMesh_jwpb5"]
material = SubResource("StandardMaterial3D_io4ja")

[sub_resource type="PhysicsMaterial" id="PhysicsMaterial_e507q"]

[sub_resource type="SphereMesh" id="SphereMesh_tevcw"]

[sub_resource type="StandardMaterial3D" id="StandardMaterial3D_rmrvt"]
albedo_color = Color(1, 0.0196078, 0.152941, 1)

[node name="Player" type="CharacterBody3D"]
collision_layer = 2
collision_mask = 1533
axis_lock_angular_x = true
axis_lock_angular_y = true
axis_lock_angular_z = true
wall_min_slide_angle = 0.267035
script = ExtResource("1_8qe6d")
ArenaAlias = "player"

[node name="HUD" parent="." instance=ExtResource("2_c30hd")]

[node name="CollisionShape3D" type="CollisionShape3D" parent="."]
shape = SubResource("SphereShape3D_p8sg2")

[node name="Pivot" type="Node3D" parent="."]

[node name="Character" type="Node3D" parent="Pivot"]

[node name="Self" type="Marker3D" parent="Pivot/Character"]
transform = Transform3D(0.996565, -0.0486781, 0.0669898, 4.93162e-10, 0.808976, 0.587842, -0.0828081, -0.585823, 0.806198, 0, 0, 0)

[node name="SoftBody3D" type="SoftBody3D" parent="Pivot/Character"]
mesh = SubResource("BoxMesh_caedx")
surface_material_override/0 = SubResource("StandardMaterial3D_qelcy")
collision_mask = 255
parent_collision_ignore = NodePath("../../..")
pinned_points = [1]
attachments/0/point_index = 1
attachments/0/spatial_attachment_path = NodePath("../MeshInstance3D")
attachments/0/offset = Vector3(0.5, 0.5, -0.5)

[node name="MeshInstance3D" type="MeshInstance3D" parent="Pivot/Character"]
mesh = SubResource("BoxMesh_jwpb5")

[node name="WeaponPivot" type="Marker3D" parent="Pivot"]

[node name="Weapon" parent="Pivot/WeaponPivot" instance=ExtResource("2_xxkxc")]
transform = Transform3D(0.2, 0, 0, 0, 0.2, 0, 0, 0, 0.2, 0, 0.0232857, -2.21867)
collision_layer = 64
collision_mask = 444
physics_material_override = SubResource("PhysicsMaterial_e507q")
Damage = 10

[node name="WeaponMarker" type="Marker3D" parent="Pivot/WeaponPivot"]
transform = Transform3D(1, 0, 0, 0, 1, 0, 0, 0, 1, 0, 0, -2.20605)

[node name="Marker3D" type="Marker3D" parent="."]
transform = Transform3D(0.996565, -0.0486781, 0.0669898, 4.93162e-10, 0.808976, 0.587842, -0.0828081, -0.585823, 0.806198, 0, 0, 0)

[node name="Camera3D" type="Camera3D" parent="Marker3D"]
transform = Transform3D(0.999495, -0.0288333, -0.0134252, 0.021675, 0.926394, -0.37593, 0.0232764, 0.375449, 0.92655, -0.150643, -0.644367, 3.46284)
fov = 81.3

[node name="MeshInstance3D" type="MeshInstance3D" parent="Marker3D/Camera3D"]
transform = Transform3D(0.1, -3.72529e-10, -2.23517e-09, 3.72529e-10, 0.1, 0, 2.23517e-09, -8.32668e-18, 0.1, 0, 0, 0)
visible = false
mesh = SubResource("SphereMesh_tevcw")
skeleton = NodePath("../..")
surface_material_override/0 = SubResource("StandardMaterial3D_rmrvt")

[node name="AnimationPlayer" type="AnimationPlayer" parent="."]
unique_name_in_owner = true
libraries = {
"": ExtResource("6_c4mf8")
}
